255	255	255	255	255	255	255	255	255	255	255	255	255	255	255	255	255	255
255	255	255	255	255	255	255	255	255	255	255	255	255	255	255	255	255	255
255	255	255	255	255	255	255	255	254	247	229	194	198	249	255	255	255	255
255	255	255	253	211	183	164	133	121	77	42	15	25	198	255	255	255	255
255	255	255	211	42	8	5	1	0	0	0	0	16	195	255	255	255	255
255	255	255	183	8	0	0	6	11	29	37	82	150	243	255	255	255	255
255	255	255	183	8	16	113	168	188	218	226	246	255	255	255	255	255	255
255	255	255	190	12	28	191	206	190	234	255	255	255	255	255	255	255	255
255	255	255	187	10	4	26	21	12	113	251	255	255	255	255	255	255	255
255	255	255	183	8	0	0	0	0	101	251	255	255	255	255	255	255	255
255	255	255	183	8	34	119	114	115	203	255	255	255	255	255	255	255	255
255	255	255	176	7	71	180	181	181	183	206	250	255	255	255	255	255	255
255	255	255	150	3	2	8	8	8	8	31	198	255	255	255	255	255	255
255	255	255	182	8	0	0	0	0	0	8	183	255	255	255	255	255	255
255	255	255	212	83	72	93	79	72	72	83	212	255	255	255	255	255	255
255	255	255	254	248	247	250	248	247	247	248	254	255	255	255	255	255	255
255	255	255	255	255	255	255	255	255	255	255	255	255	255	255	255	255	255
255	255	255	255	255	255	255	255	255	255	255	255	255	255	255	255	255	255
